345
0:0
70
10
68
25
70
45
69
50
71
45
73
42
75
57
73
1:10
73
02
70
00
68
10
66
42
69
2:22
71
3:00
72
35
83
30
80
20
86
08
83
2:50
82
10
75
1:53
76
2:10
81
30
83
43
83
47
87
42
92
40
95
40
97
47
105
3:10
113
17
113
17
107
25
107
40
110
55
121
4:05
123
10
120
05
115
07
110
05
107
12
104
20
106
22
107
20
115
35
125
50
125
5:12
120
20
120
45
134
57
135
6:03
143
07
145
10
155
11
165
12
174
15
169
20
164
25
162
35
164
50
165
50
167
40
170
43
176
41
182
52
187
55
191
52
193
43
192
46
198
50
199
50
198
53
199
51
201
45
211
47
212
52
213
7:00
213
05
219
10
223
10
225
05
227
05
228
10
230
14
229
20
220
22
221
22
222
25
225
23
230
20
234
22
236
29
232
32
235
32
240
40
260
39
266
34
273
37
278
40
278
8:00
285
15
290
25
301
26
304
24
311
25
312
46
313
47
315
49
320
J
55
130
52
122
51
117
9:06
116
8:55
114
55
106
9:05
113
12
105
15
107
46
118
49
120
10:00
120
30
109
30
106
28
103
40
102
11:05
110
25
110
30
108
27
106
22
100
20
99
12:22
106
22
105
08
101
08
100
41
101
42
99
19
90
53
93
13:35
100
14:10
102
12
100
15
100
17
96
20
96
22
95
19
103
35
105
39
107
30
115
38
117
32
118
42
117
58
109
15:10
112
25
118
30
123
27
125
25
127
20
133
20
145
25
145
33
136
42
133
53
142
16:04
143
07
140
15:57
111
53
106
55
100
40
98
15
91
00
90
14:45
90
40
87
55
79
15:20
79
35
85
55
92
16:11
103
12
107
18
114
19
118
29
125
48
125
49
129
35
149
37
150
45
154
39
158
40
161
40
166
41
170
42
172
46
176
47
180
48
183
47
188
47
191
17:00
201
10
205
25
203
28
205
25
207
25
208
52
208
18:00
200
04
191
05
190
08
192
10
205
12
206
30
210
36
215
38
221
36
220
36
223
39
225
34
237
35
240
38
243
S
19:23
232
10
221
15
216
17
211
26
207
34
199
32
194
35
190
50
186
51
182
20:05
180
13
173
12
169
13
168
15
166
13
158
14
156
22
148
35
143
50
136
50
132
42
129
40
123
30
121
27
125
23
140
09
152
07
160
19:57
180
51
163
52
170
48
174
48
171
32
176
13
173
08
176
12
180
09
182
05
180
05
185
19:20
200
19
203
06
201
05
204
07
210
03
211
18:54
218
46
218
46
223
46
231
44
232
26
233
10
237
17:55
241
49
239
50
233
18:00
230
07
224
18
220
24
213
30
209
45
205
48
200
50
186
52
180
58
173
58
166
19:03
160
03
155
04
153
18
155
21
153
23
149
20
145
14
141
25
137
37
130
40
124
37
122
43
115
45
110
48
109
57
110
20:00
108
03
102
10
100
14
98
17
98
17
91
22
89
32
88
41
91
55
105
21:05
111
12
111
18
113
22
113
15
109
16
106
28
104
27
100
15
96
15
94
30
93
23
83
28
75
22:00
62
05
60
10
61
15
66
22
66
40
65
39
67
40
71
28
73
30
76
18
87
20
88
23:25
75
43
74
24:00
70
