170
0:00
108
05
104
10
100
20
100
22
103
25
103
30
99
37
97
41
95
1:10
93
27
95
30
100
41
102
42
103
47
102
52
105
57
106
2:00
101
07
102
17
108
22
109
32
108
37
110
45
118
3:10
118
20
121
28
122
35
125
42
124
4:00
130
04
135
07
134
12
133
26
132
36
133
50
133
5:00
139
02
141
00
147
07
150
10
153
12
159
15
163
22
166
24
170
40
179
42
182
37
185
34
189
24
196
22
198
23
200
29
201
32
206
34
206
36
206
39
208
41
210
54
216
6:08
222
18
230
25
240
28
248
30
248
34
247
7:00
255
02
258
03
260
02
262
6:54
269
53
270
55
276
56
283
58
284
7:01
284
02
286
01
292
05
292
10
290
12
290
16
295
22
304
24
305
40
316
51
323
J
8:00
153
01
159
05
152
02
148
03
145
07
141
07
140
7:56
137
55
133
56
112
48
119
43
115
50
109
8:10
110
18
119
18
114
30
109
32
106
32
100
9:45
64
10:32
46
11:45
50
12:00
50
25
49
10
45
13:15
39
25
40
14:10
57
40
59
16:20
55
45
60
17:10
80
35
85
18:00
100
01
129
19:16
155
17
160
15
165
10
168
18:50
176
50
178
19:15
181
18
188
25
191
28
202
23
209
22
211
27
222
26
225
17
235
16
236
30
236
33
238
31
243
S
20
240
35
235
42
227
53
220
20:00
213
10
209
18
200
19
195
22
191
35
188
40
185
50
172
21:00
167
05
162
11
158
20
153
27
149
35
141
47
139
57
126
22:09
123
11
118
35
115
23:05
111
25
115
37
117
45
117
52
115
24:00
108
